default 26.12 6.69 0.1006 0.0 0.0 0.0 0.0 0.0 0.0 42.03 0.0 0.3041 0.0 0.0 0.0 0.0 0.0 0.0
RunIISummer20UL18RECO 25.89 1.31 0.1065 0.0 0.0 0.0 0.0 0.0 0.0 38.84 0.0 0.0853 0.0 0.0 0.0 0.0 0.0 0.0
r2_eoy17 31.3 2.9 0.1608 0.0 0.0 0.0 0.0 0.0 0.0 31.3 2.9 0.1608 0.0 0.0 0.0 0.0 0.0 0.0
r2_ul16 22.51 2.70 0.1899 0.0 0.0 0.0 0.1899 0.3116 0.3060 32.91 2.25 0.1863 0.0 0.0 0.0 0.2883 0.2890 0.2930
r2_ul17 21.91 2.78 0.1660 0.0 0.0 0.0 0.0 0.2798 0.3468 31.60 2.51 0.1941 0.0 0.0 0.0 0.0 0.3102 0.3118
r2_ul18p 26.08 6.69 0.1006 0.0 0.0 0.0 0.0 0.0 0.0 42.03 0.0 0.3041 0.0 0.0 0.0 0.0 0.0 0.0
r2_ul18 26.08 0.77 0.0974 0.0 0.0 0.1479 0.0 0.0 0.1927 40.00 2.50 0.2361 0.0 0.0 0.3740 0.0 0.0 0.3812
r2_ul18ABC 26.03 0.71 0.0884 0.0 0.0 0.0 0.0 0.0 0.1645 29.52 5.61 0.3790 0.0 0.0 0.0 0.0 0.0 0.0
r2_ul18D 26.08 0.77 0.0974 0.0 0.0 0.1479 0.0 0.0 0.1927 40.00 2.50 0.2361 0.0 0.0 0.3740 0.0 0.0 0.3812
r2_ul18_mc 26.06 1.17 0.1077 0.0 0.0 0.0 0.0 0.0 0.0 39.68 0.0 0.0888 0.0 0.0 0.0 0.0 0.0 0.0
r3_p22 26.08 0.77 0.0974 0.0 0.0 0.1479 0.0 0.0 0.1927 40.0 2.5 0.2361 0.0 0.0 0.3740 0.0 0.0 0.3812
r3_p23 23.61 1.69 0.1083 0.0 0.0 0.1947 0.0 0.0 0.3411 39.87 2.80 0.2375 0.0 0.3826 0.3857 0.0 0.3820 0.4068
r3_p24 23.41 1.39 0.1707 0.0 0.0 0.3455 0.0 0.0 0.3455 35.10 7.27 0.2533 0.0 0.0 0.3125 0.0 0.0 0.3125
r3_p25 16.06 8.47 0.1354 0.174 0.181 0.193 0.178 0.207 0.621 17.97 8.76 0.1095 0.178 0.203 0.207 0.178 0.205 0.217
r3_p25unc 26.09 7.56 0.1109 0.151 0.158 0.162 0.157 0.173 0.618 26.71 5.61 0.1335 0.214 0.230 0.237 0.214 0.234 0.240
